ite:50, best val accuracy:0.8622739006553483
ite:100, best val accuracy:0.8726506294643449
ite:150, best val accuracy:0.8743256713403919
